{
 "cells": [
  {
   "cell_type": "code",
   "execution_count": 1,
   "metadata": {},
   "outputs": [],
   "source": [
    "import scipy.optimize as opt\n",
    "import scipy.special as spec\n",
    "import numpy as np\n",
    "from math import *\n",
    "import matplotlib.pyplot as plt\n",
    "from DataSet import generateDataSet\n",
    "from igraph import *\n",
    "from mpl_toolkits.mplot3d import Axes3D\n",
    "import matplotlib.style\n",
    "import matplotlib as mpl\n",
    "mpl.style.use('classic')\n",
    "from igraph import *\n",
    "from DataSet import generateDataSet\n",
    "import copy"
   ]
  },
  {
   "cell_type": "code",
   "execution_count": 2,
   "metadata": {},
   "outputs": [],
   "source": [
    "## Compute the lambdas\n",
    "def strength(i,j,p,vec):\n",
    "    summ = 0\n",
    "    for l in range(p):\n",
    "        summ += vec[i,l]*vec[j,l]\n",
    "    return summ\n",
    "\n",
    "# n : Population / p : Number of communities / k : Number of ranks / a,b : Gamma parameters / w = Community parameter\n",
    "#/ rho : Data rho[i,j] jth selection of the ith person\n",
    "def posterior(n,p,k,w,rho):\n",
    "    wPrior = w[:(p+1)]\n",
    "    wLH = w[(p+1):]\n",
    "    vec = wLH.reshape((n,p))\n",
    "    summa = 0\n",
    "    for i in range(n):\n",
    "        for u in range(p):\n",
    "            if vec[i,u] == 0:\n",
    "                summa += (wPrior[0]-1)*log(0.0000000001) - wPrior[1 + u]*vec[i,u] + wPrior[0]*log(wPrior[1 + u]) - spec.gamma(wPrior[0])\n",
    "            else:\n",
    "                summa += (wPrior[0]-1)*log(abs(vec[i,u])) - wPrior[1 + u]*vec[i,u] + wPrior[0]*log(wPrior[1 + u]) - spec.gamma(wPrior[0])\n",
    "        totalStrength = 0\n",
    "        listIndex = [l for l in range(n)]\n",
    "        del listIndex[i]\n",
    "        for u in (listIndex):\n",
    "            totalStrength += strength(i,u,p,vec)\n",
    "        stateStrength = 0\n",
    "        for j in range(k):\n",
    "            totalStrength -= stateStrength\n",
    "            summa -= log(abs(totalStrength))\n",
    "            stateStrength = strength(i,rho[i,j],p,vec)\n",
    "            summa += log(abs(stateStrength))\n",
    "    return summa\n",
    "\n",
    "def posteriorNoDegree(n,p,k,a,b,w,rho):\n",
    "    vec = w.reshape((n,p))\n",
    "    summa = 0\n",
    "    for i in range(n):\n",
    "        for u in range(p):\n",
    "            if vec[i,u] == 0:\n",
    "                summa += (a-1)*log(0.0000000001) - b*vec[i,u]\n",
    "            else:\n",
    "                summa += (a-1)*log(abs(vec[i,u])) - b*vec[i,u]\n",
    "        totalStrength = 0\n",
    "        listIndex = [l for l in range(n)]\n",
    "        del listIndex[i]\n",
    "        for u in (listIndex):\n",
    "            totalStrength += strength(i,u,p,vec)\n",
    "        stateStrength = 0\n",
    "        for j in range(k):\n",
    "            totalStrength -= stateStrength\n",
    "            summa -= log(abs(totalStrength))\n",
    "            stateStrength = strength(i,rho[i,j],p,vec)\n",
    "            summa += log(abs(stateStrength))\n",
    "    return summa"
   ]
  },
  {
   "cell_type": "code",
   "execution_count": 3,
   "metadata": {},
   "outputs": [],
   "source": [
    "def drawGamma(a,b,n):\n",
    "    return np.random.gamma(a,1/b,n)\n",
    "\n",
    "def computeStrength(n,p,w):\n",
    "    w1 = w.reshape((n,p))\n",
    "    return (np.array([strength(i,j,p,w1) if i != j else 0 for i in range(n) for j in range(n)])).reshape((n,n))\n",
    "\n",
    "def computeRho(strengthOrigin,n,K):\n",
    "    strengths = np.array([[strengthOrigin[i,j] for j in range(n)] for i in range(n)])\n",
    "    rho = np.zeros((n,K), dtype = int)\n",
    "    for i in range(n):\n",
    "        strength_i = strengths[i]\n",
    "        strength_i_normalized = (1/(sum(strength_i)))*strength_i\n",
    "        strength_i_cumulated = [(sum(strength_i_normalized[:(j+1)])) for j in range(n)]\n",
    "        for j in range(K):\n",
    "            r = np.random.rand()\n",
    "            k = 0\n",
    "            val = strength_i_cumulated[0]\n",
    "            while r > val:\n",
    "                k += 1\n",
    "                val = strength_i_cumulated[k]\n",
    "            rho[i,j] = k\n",
    "            strengths[i,k] = 0\n",
    "            strength_i = strengths[i]\n",
    "            strength_i_normalized = (1/(sum(strength_i)))*strength_i\n",
    "            strength_i_cumulated = [(sum(strength_i_normalized[:(l+1)])) for l in range(n)]\n",
    "    return rho\n",
    "\n",
    "def normalizeStrength(n,strengths):\n",
    "    for i in range(n):\n",
    "        strengths[i] = (1/sum(strengths[i]))*strengths[i]\n",
    "    return strengths\n",
    "\n",
    "def computeRealRho(strengths,n,K):\n",
    "    rho = np.zeros((n,K), dtype = int)\n",
    "    for i in range(n):\n",
    "        listRank = [j for j in range(n)]\n",
    "        strength_i = strengths[i]\n",
    "        listRank = sorted(listRank, key=lambda b: strength_i[b])\n",
    "        listRank.reverse()\n",
    "        rho[i] = listRank[:K]\n",
    "    return rho\n",
    "\n",
    "def computeRemainingRho(strengthOrigin,n,rhoTest):\n",
    "    t = len(rhoTest[0])\n",
    "    strengths = np.array([[strengthOrigin[i,j] for j in range(n)] for i in range(n)])\n",
    "    rho = np.zeros((n,n-1-t), dtype = int)\n",
    "    for i in range(n):\n",
    "        listRank = [u for u in range(n)]\n",
    "        listRank.remove(i)\n",
    "        strength_i = strengths[i]\n",
    "        for taken in rhoTest[i]:\n",
    "            listRank.remove(taken)\n",
    "            np.delete(strength_i,taken)\n",
    "        listRank = sorted(listRank, key = lambda b: strength_i[b])\n",
    "        listRank.reverse()\n",
    "        rho[i] = listRank\n",
    "    return np.concatenate((rhoTest,rho),axis=1)\n"
   ]
  },
  {
   "cell_type": "code",
   "execution_count": 92,
   "metadata": {},
   "outputs": [
    {
     "data": {
      "text/plain": [
       "array([[1, 3, 2],\n",
       "       [0, 3, 2],\n",
       "       [1, 0, 3],\n",
       "       [0, 1, 2]])"
      ]
     },
     "execution_count": 92,
     "metadata": {},
     "output_type": "execute_result"
    }
   ],
   "source": [
    "strengths = np.array([[0,10,19,20],[10,0,5,10], [19,5,0,3],[20,10,3,0]])\n",
    "rhoTest = np.array([[1],[0],[1],[0]])\n",
    "computeRemainingRho(strengths,4,rhoTest)"
   ]
  },
  {
   "cell_type": "code",
   "execution_count": 4,
   "metadata": {},
   "outputs": [],
   "source": [
    "def mean(l):\n",
    "    n = len(l)\n",
    "    return (sum(l))/n\n",
    "\n",
    "def AE(w1,w2,n):\n",
    "    return (sum(map(lambda couple : abs(couple[0]-couple[1]) ,zip(w1,w2))))/n\n",
    "\n",
    "def rankingGap(w1,w2,n):\n",
    "    rk1 = [i for i in range(n)]\n",
    "    rk2 = [i for i in range(n)]\n",
    "    rk1 = sorted(rk1, key=lambda i: w1[i])\n",
    "    rk2 = sorted(rk2, key=lambda i: w2[i])\n",
    "    rk2 = [rk2.index(i) for i in rk1]\n",
    "    return (sum(map(lambda couple : abs(couple[0]-couple[1]) ,zip([i for i in range(n)],rk2))))/n"
   ]
  },
  {
   "cell_type": "code",
   "execution_count": 5,
   "metadata": {},
   "outputs": [],
   "source": [
    "def globalOpt(n,p,k,rho, w0 = 1):\n",
    "    if type(w0) == int:\n",
    "        w0 = 10*np.random.rand(n*p + p + 1)\n",
    "    functionToOpt = lambda w : (-1)*posterior(n,p,k,w,rho)\n",
    "    result = opt.fmin_l_bfgs_b(functionToOpt, w0,approx_grad=True, bounds = [(0.0000001, +inf) for i in range(n*p + p + 1)])\n",
    "    return result"
   ]
  },
  {
   "cell_type": "code",
   "execution_count": 6,
   "metadata": {},
   "outputs": [],
   "source": [
    "def optimizeCoor(n,p,k,rho,eps):\n",
    "    w = 10*np.random.rand(n*p + p + 1)\n",
    "    val = posterior(n,p,k,w,rho)\n",
    "    flag2 = True\n",
    "    flag = True\n",
    "    while flag:\n",
    "        for i in range(n*p + p + 1):\n",
    "            w1 = np.delete(w,i)\n",
    "            funcToOpt = lambda x : (-1)*posterior(n,p,k,np.insert(w1,i,x),rho)\n",
    "            res, val1, msg = opt.fmin_l_bfgs_b(funcToOpt, np.array([w[i]]),approx_grad=True, bounds = [(0.000000000001,+inf)])\n",
    "            if flag2:\n",
    "                if val1 < 0:\n",
    "                    flag2 = False\n",
    "                    print(\"Original:\",w)\n",
    "                    print(\"Final:\", np.insert(w1,i,res))\n",
    "                    print(\"Difference:\", w - np.insert(w1,i,res))\n",
    "                    print(\"NUmber:\", i)\n",
    "            w = np.insert(w1,i,res)\n",
    "        if abs(val1-val) < eps:\n",
    "            print(val1)\n",
    "            return w, val1\n",
    "        else:\n",
    "            val = val1\n",
    "        print(val)"
   ]
  },
  {
   "cell_type": "code",
   "execution_count": 7,
   "metadata": {},
   "outputs": [],
   "source": [
    "def optimizeCoorNoDegree(n,p,k,a,b,rho,eps):\n",
    "    w = 10*np.random.rand(n*p)\n",
    "    val = posteriorNoDegree(n,p,k,a,b,w,rho)\n",
    "    flag = True\n",
    "    while flag:\n",
    "        for i in range(n*p):\n",
    "            w1 = np.delete(w,i)\n",
    "            funcToOpt = lambda x : (-1)*posteriorNoDegree(n,p,k,a,b,np.insert(w1,i,x),rho)\n",
    "            res, val1, msg = opt.fmin_l_bfgs_b(funcToOpt, np.array([w[i]]),approx_grad=True, bounds = [(0,+inf)])\n",
    "            w = np.insert(w1,i,res)\n",
    "        if abs(val1-val) < eps:\n",
    "            return w, val1\n",
    "        else:\n",
    "            val = val1"
   ]
  },
  {
   "cell_type": "code",
   "execution_count": 8,
   "metadata": {},
   "outputs": [],
   "source": [
    "def globalOptNoDegree(n,p,k,a,b,rho):\n",
    "    w0 = 10*np.random.rand(n*p)\n",
    "    functionToOpt = lambda w : (-1)*posteriorNoDegree(n,p,k,a,b,w,rho)\n",
    "    result = opt.fmin_l_bfgs_b(functionToOpt, w0,approx_grad=True, bounds = [(0.000000001, +inf) for i in range(n*p)])\n",
    "    return result"
   ]
  },
  {
   "cell_type": "markdown",
   "metadata": {},
   "source": [
    "## Simulation"
   ]
  },
  {
   "cell_type": "code",
   "execution_count": 23,
   "metadata": {},
   "outputs": [
    {
     "ename": "ValueError",
     "evalue": "cannot reshape array of size 49 into shape (15,3)",
     "output_type": "error",
     "traceback": [
      "\u001b[0;31m---------------------------------------\u001b[0m",
      "\u001b[0;31mValueError\u001b[0mTraceback (most recent call last)",
      "\u001b[0;32m<ipython-input-23-9e9c881b88bd>\u001b[0m in \u001b[0;36m<module>\u001b[0;34m\u001b[0m\n\u001b[1;32m     22\u001b[0m         \u001b[0mresultGlobal\u001b[0m \u001b[0;34m=\u001b[0m \u001b[0mglobalOpt\u001b[0m\u001b[0;34m(\u001b[0m\u001b[0mn\u001b[0m\u001b[0;34m,\u001b[0m\u001b[0mp\u001b[0m\u001b[0;34m,\u001b[0m\u001b[0mk\u001b[0m\u001b[0;34m,\u001b[0m\u001b[0mrho\u001b[0m\u001b[0;34m,\u001b[0m \u001b[0mw0\u001b[0m \u001b[0;34m=\u001b[0m \u001b[0mresultGlobal\u001b[0m\u001b[0;34m[\u001b[0m\u001b[0;36m0\u001b[0m\u001b[0;34m]\u001b[0m\u001b[0;34m)\u001b[0m\u001b[0;34m\u001b[0m\u001b[0;34m\u001b[0m\u001b[0m\n\u001b[1;32m     23\u001b[0m     \u001b[0mstrengths\u001b[0m \u001b[0;34m=\u001b[0m \u001b[0mstrengths\u001b[0m\u001b[0;34m.\u001b[0m\u001b[0mreshape\u001b[0m\u001b[0;34m(\u001b[0m\u001b[0;34m(\u001b[0m\u001b[0mn\u001b[0m\u001b[0;34m*\u001b[0m\u001b[0mn\u001b[0m\u001b[0;34m,\u001b[0m\u001b[0;34m)\u001b[0m\u001b[0;34m)\u001b[0m\u001b[0;34m\u001b[0m\u001b[0;34m\u001b[0m\u001b[0m\n\u001b[0;32m---> 24\u001b[0;31m     \u001b[0mstrengthGlb\u001b[0m \u001b[0;34m=\u001b[0m \u001b[0mnormalizeStrength\u001b[0m\u001b[0;34m(\u001b[0m\u001b[0mn\u001b[0m\u001b[0;34m,\u001b[0m\u001b[0mcomputeStrength\u001b[0m\u001b[0;34m(\u001b[0m\u001b[0mn\u001b[0m\u001b[0;34m,\u001b[0m\u001b[0mp\u001b[0m\u001b[0;34m,\u001b[0m\u001b[0mresultGlobal\u001b[0m\u001b[0;34m[\u001b[0m\u001b[0;36m0\u001b[0m\u001b[0;34m]\u001b[0m\u001b[0;34m)\u001b[0m\u001b[0;34m)\u001b[0m\u001b[0;34m\u001b[0m\u001b[0;34m\u001b[0m\u001b[0m\n\u001b[0m\u001b[1;32m     25\u001b[0m     \u001b[0mstrengthGlb\u001b[0m \u001b[0;34m=\u001b[0m \u001b[0mstrengthGlb\u001b[0m\u001b[0;34m.\u001b[0m\u001b[0mreshape\u001b[0m\u001b[0;34m(\u001b[0m\u001b[0;34m(\u001b[0m\u001b[0mn\u001b[0m\u001b[0;34m*\u001b[0m\u001b[0mn\u001b[0m\u001b[0;34m,\u001b[0m\u001b[0;34m)\u001b[0m\u001b[0;34m)\u001b[0m\u001b[0;34m\u001b[0m\u001b[0;34m\u001b[0m\u001b[0m\n\u001b[1;32m     26\u001b[0m     \u001b[0mlistnGap\u001b[0m \u001b[0;34m=\u001b[0m \u001b[0;34m[\u001b[0m\u001b[0;34m]\u001b[0m\u001b[0;34m\u001b[0m\u001b[0;34m\u001b[0m\u001b[0m\n",
      "\u001b[0;32m<ipython-input-3-0b003b0af9c2>\u001b[0m in \u001b[0;36mcomputeStrength\u001b[0;34m(n, p, w)\u001b[0m\n\u001b[1;32m      3\u001b[0m \u001b[0;34m\u001b[0m\u001b[0m\n\u001b[1;32m      4\u001b[0m \u001b[0;32mdef\u001b[0m \u001b[0mcomputeStrength\u001b[0m\u001b[0;34m(\u001b[0m\u001b[0mn\u001b[0m\u001b[0;34m,\u001b[0m\u001b[0mp\u001b[0m\u001b[0;34m,\u001b[0m\u001b[0mw\u001b[0m\u001b[0;34m)\u001b[0m\u001b[0;34m:\u001b[0m\u001b[0;34m\u001b[0m\u001b[0;34m\u001b[0m\u001b[0m\n\u001b[0;32m----> 5\u001b[0;31m     \u001b[0mw1\u001b[0m \u001b[0;34m=\u001b[0m \u001b[0mw\u001b[0m\u001b[0;34m.\u001b[0m\u001b[0mreshape\u001b[0m\u001b[0;34m(\u001b[0m\u001b[0;34m(\u001b[0m\u001b[0mn\u001b[0m\u001b[0;34m,\u001b[0m\u001b[0mp\u001b[0m\u001b[0;34m)\u001b[0m\u001b[0;34m)\u001b[0m\u001b[0;34m\u001b[0m\u001b[0;34m\u001b[0m\u001b[0m\n\u001b[0m\u001b[1;32m      6\u001b[0m     \u001b[0;32mreturn\u001b[0m \u001b[0;34m(\u001b[0m\u001b[0mnp\u001b[0m\u001b[0;34m.\u001b[0m\u001b[0marray\u001b[0m\u001b[0;34m(\u001b[0m\u001b[0;34m[\u001b[0m\u001b[0mstrength\u001b[0m\u001b[0;34m(\u001b[0m\u001b[0mi\u001b[0m\u001b[0;34m,\u001b[0m\u001b[0mj\u001b[0m\u001b[0;34m,\u001b[0m\u001b[0mp\u001b[0m\u001b[0;34m,\u001b[0m\u001b[0mw1\u001b[0m\u001b[0;34m)\u001b[0m \u001b[0;32mif\u001b[0m \u001b[0mi\u001b[0m \u001b[0;34m!=\u001b[0m \u001b[0mj\u001b[0m \u001b[0;32melse\u001b[0m \u001b[0;36m0\u001b[0m \u001b[0;32mfor\u001b[0m \u001b[0mi\u001b[0m \u001b[0;32min\u001b[0m \u001b[0mrange\u001b[0m\u001b[0;34m(\u001b[0m\u001b[0mn\u001b[0m\u001b[0;34m)\u001b[0m \u001b[0;32mfor\u001b[0m \u001b[0mj\u001b[0m \u001b[0;32min\u001b[0m \u001b[0mrange\u001b[0m\u001b[0;34m(\u001b[0m\u001b[0mn\u001b[0m\u001b[0;34m)\u001b[0m\u001b[0;34m]\u001b[0m\u001b[0;34m)\u001b[0m\u001b[0;34m)\u001b[0m\u001b[0;34m.\u001b[0m\u001b[0mreshape\u001b[0m\u001b[0;34m(\u001b[0m\u001b[0;34m(\u001b[0m\u001b[0mn\u001b[0m\u001b[0;34m,\u001b[0m\u001b[0mn\u001b[0m\u001b[0;34m)\u001b[0m\u001b[0;34m)\u001b[0m\u001b[0;34m\u001b[0m\u001b[0;34m\u001b[0m\u001b[0m\n\u001b[1;32m      7\u001b[0m \u001b[0;34m\u001b[0m\u001b[0m\n",
      "\u001b[0;31mValueError\u001b[0m: cannot reshape array of size 49 into shape (15,3)"
     ]
    }
   ],
   "source": [
    "n = 15\n",
    "p = 3\n",
    "k = 4\n",
    "a = 2\n",
    "b = 2\n",
    "listElementGap = []\n",
    "listElementAE = []\n",
    "numberSim = 10\n",
    "for i in range(numberSim):\n",
    "    gammaParameters = drawGamma(2,1,p+1)\n",
    "    drawW = np.array([])\n",
    "    for j in range(p):\n",
    "        drawW = np.append(drawW, [drawGamma(gammaParameters[0], gammaParameters[j + 1], n)])\n",
    "    drawW = drawW.reshape((p,n))\n",
    "    drawW = drawW.T\n",
    "    drawW = drawW.reshape((n*p,))\n",
    "    w = drawW\n",
    "    strengths = computeStrength(n,p,w)\n",
    "    rho = computeRho(strengths,n,k)\n",
    "    resultGlobal = globalOpt(n,p,k,rho)\n",
    "    for j in range(15):\n",
    "        resultGlobal = globalOpt(n,p,k,rho, w0 = resultGlobal[0])\n",
    "    strengths = strengths.reshape((n*n,))\n",
    "    strengthGlb = normalizeStrength(n,computeStrength(n,p,resultGlobal[0][(p+1):]))\n",
    "    strengthGlb = strengthGlb.reshape((n*n,))\n",
    "    listnGap = []\n",
    "    listnAE = []\n",
    "    for numInd in range(n):\n",
    "        listnGap.append(rankingGap(strengths[numInd*n:(numInd+1)*n],strengthGlb[numInd*n:(numInd+1)*n],n))\n",
    "        listnAE.append(AE(strengths[numInd*n:(numInd+1)*n],strengthGlb[numInd*n:(numInd+1)*n],n))\n",
    "    listElementGap.append(mean(listnGap))\n",
    "    listElementAE.append(mean(listnAE))\n",
    "print(listElementGap)\n",
    "print(listElementAE)\n",
    "\n",
    "print(\"Mean Gap\", mean(listElementGap))\n",
    "print(\"Mean AE\", mean(listElementAE))\n",
    "\n",
    "plt.plot([i for i in range(numberSim)], listElementGap, '-b' ,label = 'Mean Ranking Gap over each individuals')\n",
    "plt.legend()\n",
    "plt.savefig(\"SimulationGap\")\n",
    "plt.show()"
   ]
  },
  {
   "cell_type": "code",
   "execution_count": 9,
   "metadata": {
    "scrolled": false
   },
   "outputs": [
    {
     "name": "stdout",
     "output_type": "stream",
     "text": [
      "[1.52365345 1.08558978 2.56030798 2.52707765]\n",
      "[0.32176337 0.23479944 0.56571247 0.51465264 0.88509951 0.66674655\n",
      " 1.87771106 0.41905614 0.52186606 0.21338366 0.67962515 0.59693194\n",
      " 4.13175553 0.51773233 0.2055853  0.51362541 0.62328035 0.82599345\n",
      " 1.41749317 0.71605595 0.70420526 0.54198408 0.45920622 0.69776539\n",
      " 1.78311781 1.18483787 0.50583421 0.258146   0.86683711 0.67713052\n",
      " 4.37129427 0.18326625 0.1744885  1.11132306 0.49662994 0.12545198\n",
      " 0.26879889 0.06181121 0.4717199  1.38110288 0.02005031 0.93179067\n",
      " 1.68282528 0.8815026  0.37634439 1.88900211 1.0681113  0.30779137\n",
      " 2.15766725 0.17142811 0.2357176  1.21318486 1.40162882 0.39655376\n",
      " 0.4900125  0.88333998 0.60794559 2.00913436 1.09762881 1.03555397\n",
      " 1.53693957 0.83788874 0.63921474 0.72472131 0.70723023 0.60725866\n",
      " 2.15515507 0.06600408 0.17626199 0.52713098 0.03682496 0.46902413\n",
      " 1.80274549 1.12887435 0.19139265]\n",
      "[[ 0.          0.75060407  0.99779892  0.56592649  1.56731301  0.77888652\n",
      "   1.02260461  0.67694657  1.13809799  0.66965597  1.54826351  0.54516123\n",
      "   0.3678607   0.97622171  0.96135057  1.03272504  0.8678579   0.94379552\n",
      "   0.70899821  1.49001426  1.05287841  0.74277983  0.80866128  0.44359072\n",
      "   0.95338974]\n",
      " [ 0.75060407  0.          1.68522772  1.10935666  2.72173679  1.36673209\n",
      "   1.83282379  1.1506094   2.30364891  1.35156705  2.52824659  1.09515692\n",
      "   0.50756474  1.34980297  1.89721431  2.12278354  1.41934397  2.12935062\n",
      "   1.43937563  2.69596905  1.95879913  1.40383648  1.28509849  0.61660332\n",
      "   2.05456424]\n",
      " [ 0.99779892  1.68522772  0.          0.99699246  8.08248993  1.65668752\n",
      "   3.32921106  1.57426276  4.10867131  1.20134844  8.37588606  2.36032854\n",
      "   0.77680362  3.08798427  3.72566008  4.15522462  4.24632667  3.07231973\n",
      "   1.6075371   4.77296236  3.57063533  1.97409408  4.16640306  1.24999917\n",
      "   3.95797819]\n",
      " [ 0.56592649  1.10935666  0.99699246  0.          1.35623344  1.02625815\n",
      "   1.20948212  0.84425709  1.48768241  1.04840928  1.16147287  0.64954666\n",
      "   0.38095042  0.86454709  1.18283074  1.31272799  0.71762515  1.44817163\n",
      "   1.06780287  1.79284783  1.27897574  0.99778723  0.60994932  0.41748379\n",
      "   1.26613621]\n",
      " [ 1.56731301  2.72173679  8.08248993  1.35623344  0.          2.61467913\n",
      "   6.37223479  2.62054192  8.08482779  1.65459383 18.19187438  4.87462763\n",
      "   1.23959162  5.9083226   7.48677593  8.42116805  9.05216754  5.81977741\n",
      "   2.60693017  9.08242456  6.91547382  3.48537069  8.97498318  2.29346628\n",
      "   8.07230589]\n",
      " [ 0.77888652  1.36673209  1.65668752  1.02625815  2.61467913  0.\n",
      "   1.75603305  1.14094065  2.07215653  1.23217826  2.50356044  0.98396595\n",
      "   0.5662252   1.49151949  1.72462308  1.89020594  1.4097817   1.82428109\n",
      "   1.30441041  2.57143373  1.839638    1.31462967  1.29367271  0.681111\n",
      "   1.78763017]\n",
      " [ 1.02260461  1.83282379  3.32921106  1.20948212  6.37223479  1.75603305\n",
      "   0.          1.58844613  3.73217863  1.46346293  6.45038438  2.0192516\n",
      "   0.75746851  2.62823292  3.28162223  3.65922335  3.34722428  3.00258115\n",
      "   1.7552287   4.36314042  3.22871494  1.96133867  3.22630482  1.10386255\n",
      "   3.49849632]\n",
      " [ 0.67694657  1.1506094   1.57426276  0.84425709  2.62054192  1.14094065\n",
      "   1.58844613  0.          1.86345998  1.01044625  2.57508094  0.917911\n",
      "   0.50321863  1.40791427  1.57945607  1.72905859  1.41261774  1.57786504\n",
      "   1.09541758  2.31553052  1.66378242  1.14127601  1.32135873  0.62987565\n",
      "   1.62899264]\n",
      " [ 1.13809799  2.30364891  4.10867131  1.48768241  8.08482779  2.07215653\n",
      "   3.73217863  1.86345998  0.          1.82988194  8.0999357   2.63350378\n",
      "   0.79114841  2.9577571   4.23548126  4.78954343  4.16972344  4.02454488\n",
      "   2.22788435  5.40685405  4.05664331  2.43738884  4.01025886  1.2208167\n",
      "   4.6488536 ]\n",
      " [ 0.66965597  1.35156705  1.20134844  1.04840928  1.65459383  1.23217826\n",
      "   1.46346293  1.01044625  1.82988194  0.          1.4054456   0.80232822\n",
      "   0.44238555  1.00485043  1.45336805  1.62193178  0.865205    1.79668134\n",
      "   1.30386516  2.17132057  1.55589966  1.21133069  0.73291182  0.48558855\n",
      "   1.57351951]\n",
      " [ 1.54826351  2.52824659  8.37588606  1.16147287 18.19187438  2.50356044\n",
      "   6.45038438  2.57508094  8.0999357   1.4054456   0.          4.97082554\n",
      "   1.26863664  6.2034684   7.58334197  8.50683892  9.50434549  5.62925335\n",
      "   2.40995474  9.16436808  6.9835075   3.4035412   9.463669    2.39283273\n",
      "   8.12061141]\n",
      " [ 0.54516123  1.09515692  2.36032854  0.64954666  4.87462763  0.98396595\n",
      "   2.0192516   0.917911    2.63350378  0.80232822  4.97082554  0.\n",
      "   0.38859789  1.66170404  2.35515626  2.66836068  2.51257293  2.09407959\n",
      "   1.05952324  2.90782495  2.20434777  1.232813    2.44996553  0.66294119\n",
      "   2.58807601]\n",
      " [ 0.3678607   0.50756474  0.77680362  0.38095042  1.23959162  0.5662252\n",
      "   0.75746851  0.50321863  0.79114841  0.44238555  1.26863664  0.38859789\n",
      "   0.          0.81202245  0.68435744  0.71897424  0.70176742  0.59980142\n",
      "   0.47309516  1.09639026  0.76644888  0.52497504  0.66652936  0.36521643\n",
      "   0.64463679]\n",
      " [ 0.97622171  1.34980297  3.08798427  0.86454709  5.9083226   1.49151949\n",
      "   2.62823292  1.40791427  2.9577571   1.00485043  6.2034684   1.66170404\n",
      "   0.81202245  0.          2.69250343  2.91711935  3.2030371   2.07314129\n",
      "   1.26094694  3.76174856  2.73508592  1.58093283  3.14205354  1.16579278\n",
      "   2.69074915]\n",
      " [ 0.96135057  1.89721431  3.72566008  1.18283074  7.48677593  1.72462308\n",
      "   3.28162223  1.57945607  4.23548126  1.45336805  7.58334197  2.35515626\n",
      "   0.68435744  2.69250343  0.          4.23623897  3.87080233  3.42635839\n",
      "   1.83206882  4.73830967  3.56556676  2.07154302  3.75126742  1.09604524\n",
      "   4.10084091]\n",
      " [ 1.03272504  2.12278354  4.15522462  1.31272799  8.42116805  1.89020594\n",
      "   3.65922335  1.72905859  4.78954343  1.62193178  8.50683892  2.66836068\n",
      "   0.71897424  2.91711935  4.23623897  0.          4.33149414  3.91086017\n",
      "   2.05626047  5.28638336  3.99498532  2.31130967  4.1958441   1.17944627\n",
      "   4.67006249]\n",
      " [ 0.8678579   1.41934397  4.24632667  0.71762515  9.05216754  1.4097817\n",
      "   3.34722428  1.41261774  4.16972344  0.865205    9.50434549  2.51257293\n",
      "   0.70176742  3.2030371   3.87080233  4.33149414  0.          2.95140252\n",
      "   1.3520167   4.76730614  3.61051604  1.82808814  4.70297052  1.25424333\n",
      "   4.12836032]\n",
      " [ 0.94379552  2.12935062  3.07231973  1.44817163  5.81977741  1.82428109\n",
      "   3.00258115  1.57786504  4.02454488  1.79668134  5.62925335  2.09407959\n",
      "   0.59980142  2.07314129  3.42635839  3.91086017  2.95140252  0.\n",
      "   2.07367363  4.38657237  3.29248383  2.1113059   2.77701207  0.87711553\n",
      "   3.84522383]\n",
      " [ 0.70899821  1.43937563  1.6075371   1.06780287  2.60693017  1.30441041\n",
      "   1.7552287   1.09541758  2.22788435  1.30386516  2.40995474  1.05952324\n",
      "   0.47309516  1.26094694  1.83206882  2.05626047  1.3520167   2.07367363\n",
      "   0.          2.58364083  1.881868    1.34902747  1.22151466  0.57597088\n",
      "   1.99690398]\n",
      " [ 1.49001426  2.69596905  4.77296236  1.79284783  9.08242456  2.57143373\n",
      "   4.36314042  2.31553052  5.40685405  2.17132057  9.16436808  2.90782495\n",
      "   1.09639026  3.76174856  4.73830967  5.28638336  4.76730614  4.38657237\n",
      "   2.58364083  0.          4.66955028  2.86118788  4.58497287  1.5851969\n",
      "   5.05924032]\n",
      " [ 1.05287841  1.95879913  3.57063533  1.27897574  6.91547382  1.839638\n",
      "   3.22871494  1.66378242  4.05664331  1.55589966  6.9835075   2.20434777\n",
      "   0.76644888  2.73508592  3.56556676  3.99498532  3.61051604  3.29248383\n",
      "   1.881868    4.66955028  0.          2.0946018   3.48031645  1.14083082\n",
      "   3.83892299]\n",
      " [ 0.74277983  1.40383648  1.97409408  0.99778723  3.48537069  1.31462967\n",
      "   1.96133867  1.14127601  2.43738884  1.21133069  3.4035412   1.232813\n",
      "   0.52497504  1.58093283  2.07154302  2.31130967  1.82808814  2.1113059\n",
      "   1.34902747  2.86118788  2.0946018   0.          1.71560351  0.69288575\n",
      "   2.22108698]\n",
      " [ 0.80866128  1.28509849  4.16640306  0.60994932  8.97498318  1.29367271\n",
      "   3.22630482  1.32135873  4.01025886  0.73291182  9.463669    2.44996553\n",
      "   0.66652936  3.14205354  3.75126742  4.1958441   4.70297052  2.77701207\n",
      "   1.22151466  4.58497287  3.48031645  1.71560351  0.          1.22115073\n",
      "   3.99344164]\n",
      " [ 0.44359072  0.61660332  1.24999917  0.41748379  2.29346628  0.681111\n",
      "   1.10386255  0.62987565  1.2208167   0.48558855  2.39283273  0.66294119\n",
      "   0.36521643  1.16579278  1.09604524  1.17944627  1.25424333  0.87711553\n",
      "   0.57597088  1.5851969   1.14083082  0.69288575  1.22115073  0.\n",
      "   1.08162152]\n",
      " [ 0.95338974  2.05456424  3.95797819  1.26613621  8.07230589  1.78763017\n",
      "   3.49849632  1.62899264  4.6488536   1.57351951  8.12061141  2.58807601\n",
      "   0.64463679  2.69074915  4.10084091  4.67006249  4.12836032  3.84522383\n",
      "   1.99690398  5.05924032  3.83892299  2.22108698  3.99344164  1.08162152\n",
      "   0.        ]]\n"
     ]
    }
   ],
   "source": [
    "n = 25\n",
    "p = 3\n",
    "k = 4\n",
    "a = 2\n",
    "b = 2\n",
    "gammaParameters = np.random.rand(4)*2 + 1\n",
    "print(gammaParameters)\n",
    "drawW = np.array([])\n",
    "for j in range(p):\n",
    "    drawW = np.append(drawW, [drawGamma(gammaParameters[0], gammaParameters[j + 1], n)])\n",
    "drawW = drawW.reshape((p,n))\n",
    "drawW = drawW.T\n",
    "drawW = drawW.reshape((n*p,))\n",
    "w = drawW\n",
    "print(w)\n",
    "strengths = computeStrength(n,p,w)\n",
    "print(strengths)\n",
    "rho = computeRho(strengths,n,k)\n",
    "realRho = computeRealRho(strengths,n,k)"
   ]
  },
  {
   "cell_type": "code",
   "execution_count": 47,
   "metadata": {},
   "outputs": [
    {
     "data": {
      "text/plain": [
       "array([1, 2, 3, 4])"
      ]
     },
     "execution_count": 47,
     "metadata": {},
     "output_type": "execute_result"
    }
   ],
   "source": [
    "l1 = np.array([1,2])\n",
    "l2 = np.array([3,4])\n",
    "np.concatenate((l1,l2))"
   ]
  },
  {
   "cell_type": "code",
   "execution_count": 48,
   "metadata": {},
   "outputs": [
    {
     "name": "stdout",
     "output_type": "stream",
     "text": [
      "[1.7131669  1.48421408 2.58151689]\n"
     ]
    },
    {
     "data": {
